site_data_file_version 3
audit_info cmdline ../bin/CodeAxe -process-seq -in-seq example_data/bglobinMam.fsa -no-window-filter -no-ambig-gap-filter -no-codon-border -site-model nuc
audit_info binary CodeAxe version D92-r1191
audit_info random_seed 1206748738
audit_info write_time Fri Mar 28 16:58:58 2008
audit_info END
site_model 1
org: human tarsier bushbaby hare rabbit cow sheep pig elephseal rat mouse hamster marsupial
data_class: none
group_labels:
example_data/bglobinMam
sites:
S0 0 0 0 0 0 0 0 0 0 0 0 0
0 50
S0 0 0 0 0 0 0 0 0 0 0 0 1
0 4
S0 0 0 0 0 0 0 0 0 0 0 0 2
0 2
S0 0 0 0 0 0 0 0 0 0 0 1 0
0 2
S0 0 0 0 0 0 0 0 0 0 0 2 0
0
S0 0 0 0 0 0 0 0 0 0 0 2 2
0
S0 0 0 0 0 0 0 0 0 0 1 0 0
0
S0 0 0 0 0 0 0 0 0 1 1 1 0
0
S0 0 0 0 0 0 0 1 0 0 0 0 0
0
S0 0 0 0 0 0 0 1 1 0 0 0 0
0
S0 0 0 0 0 0 0 2 0 0 0 0 0
0
S0 0 0 0 0 2 0 0 0 0 0 0 0
0
S0 0 0 0 0 2 1 0 0 1 0 0 0
0
S0 0 0 0 0 2 2 0 0 0 0 0 0
0
S0 0 0 0 0 2 2 2 2 0 0 0 0
0
S0 0 0 0 0 3 3 3 3 3 3 3 2
0
S0 0 0 3 3 0 0 3 0 0 0 0 0
0
S0 0 2 0 0 2 3 3 2 2 2 2 2
0
S0 0 3 0 0 0 0 1 0 0 3 0 0
0
S0 0 3 0 0 0 0 1 0 0 3 1 3
0
S0 0 3 0 3 0 0 0 3 3 3 1 3
0
S0 1 1 0 0 0 0 0 0 2 1 0 0
0
S0 1 1 1 0 0 0 0 0 1 1 3 2
0
S0 2 0 0 0 0 0 0 0 0 0 0 1
0
S0 2 0 3 3 2 2 2 0 1 3 1 3
0
S0 2 2 2 2 2 2 2 2 2 2 2 2
0 2
S0 2 2 2 2 2 2 2 2 3 1 1 2
0
S0 2 2 2 2 2 2 3 2 3 3 3 0
0
S0 3 0 0 0 0 0 0 0 3 0 0 2
0
S1 0 0 0 0 1 0 0 0 0 2 2 0
0
S1 0 0 0 0 3 3 0 0 2 1 2 0
0
S1 0 1 1 1 0 0 1 1 1 1 1 2
0
S1 1 0 1 1 1 1 0 1 1 1 1 0
0
S1 1 0 2 2 0 0 0 0 0 0 0 0
0
S1 1 1 1 1 0 0 1 1 1 1 1 1
0
S1 1 1 1 1 0 1 1 1 1 1 2 1
0
S1 1 1 1 1 1 0 0 1 1 1 3 1
0
S1 1 1 1 1 1 0 1 1 2 2 0 2
0
S1 1 1 1 1 1 1 0 1 0 0 0 0
0
S1 1 1 1 1 1 1 0 1 1 1 1 1
0
S1 1 1 1 1 1 1 1 0 1 0 1 1
0
S1 1 1 1 1 1 1 1 1 0 0 0 3
0 2
S1 1 1 1 1 1 1 1 1 1 1 1 0
0 2
S1 1 1 1 1 1 1 1 1 1 1 1 1
0 44
S1 1 1 1 1 1 1 1 1 1 1 1 2
0 3
S1 1 1 1 1 1 1 1 1 1 1 1 3
0 6
S1 1 1 1 1 1 1 1 1 1 1 2 2
0
S1 1 1 1 1 1 1 1 1 1 1 3 0
0
S1 1 1 1 1 1 1 1 1 1 1 3 1
0
S1 1 1 1 1 1 1 1 1 1 1 3 2
0
S1 1 1 1 1 1 1 1 1 2 2 3 1
0
S1 1 1 1 1 1 1 1 1 3 1 1 1
0
S1 1 1 1 1 1 1 1 1 3 1 1 3
0
S1 1 1 1 1 1 1 1 1 3 3 3 0
0
S1 1 1 1 1 1 1 1 2 1 1 1 3
0
S1 1 1 1 1 1 1 1 3 1 1 1 3
0
S1 1 1 1 1 1 1 3 1 1 1 1 3
0
S1 1 1 1 1 1 2 2 1 1 2 2 1
0
S1 1 1 1 1 2 2 0 1 3 2 0 2
0
S1 1 1 1 1 3 1 1 1 1 1 1 1
0
S1 1 1 1 1 3 1 1 3 3 3 1 3
0
S1 1 1 1 1 3 3 1 1 1 1 1 0
0
S1 1 1 1 1 3 3 1 1 1 1 1 1
0 3
S1 1 1 1 1 3 3 3 3 1 1 1 1
0
S1 1 1 1 3 3 1 1 1 1 1 1 1
0
S1 1 1 2 2 1 1 1 1 0 0 0 1
0
S1 1 1 2 2 1 1 1 1 3 3 3 1
0
S1 1 1 2 2 2 2 2 1 2 2 1 1
0
S1 1 1 3 3 1 1 1 1 1 1 1 0
0
S1 1 1 3 3 1 1 1 1 1 1 3 3
0
S1 1 2 1 1 1 1 3 1 0 1 1 1
0
S1 1 3 3 1 1 1 1 1 1 1 1 1
0
S1 1 3 3 3 0 0 3 2 1 1 1 2
0
S1 1 3 3 3 3 3 3 1 1 1 1 3
0
S1 2 1 1 1 1 1 1 1 1 1 1 3
0
S1 2 1 2 0 2 2 2 2 2 2 2 3
0
S1 2 2 2 2 0 0 1 2 0 0 1 2
0
S1 2 2 3 3 2 2 2 2 2 2 1 2
0
S1 3 1 1 1 1 1 1 1 1 1 1 1
0 4
S1 3 1 1 1 1 1 1 3 3 3 3 3
0
S1 3 1 1 1 3 3 3 3 1 1 1 3
0
S1 3 1 1 3 1 1 3 1 1 3 1 3
0
S1 3 3 3 3 1 1 1 1 3 3 3 1
0
S1 3 3 3 3 3 3 3 3 3 1 1 1
0
S2 0 0 2 2 2 2 1 0 0 0 1 0
0
S2 0 2 1 1 0 0 0 0 0 1 0 1
0
S2 0 2 2 0 0 0 2 0 2 2 0 3
0
S2 0 2 2 2 2 2 2 2 2 0 2 3
0
S2 0 2 2 2 2 2 2 2 2 2 2 2
0 2
S2 0 3 2 2 2 2 2 2 3 3 3 2
0
S2 1 1 2 2 2 2 2 1 3 3 0 2
0
S2 1 2 2 2 2 2 2 1 2 2 2 3
0
S2 1 3 3 3 3 3 3 3 3 3 3 3
0
S2 2 0 0 0 0 0 0 0 0 0 0 0
0
S2 2 0 0 0 0 0 2 0 2 2 2 2
0
S2 2 0 2 2 2 2 2 2 2 2 2 2
0
S2 2 1 2 2 2 2 3 2 2 2 2 1
0
S2 2 2 0 0 2 2 2 2 0 2 2 2
0
S2 2 2 0 0 2 2 2 2 2 2 2 2
0
S2 2 2 0 2 2 2 2 2 2 2 2 2
0
S2 2 2 2 0 0 0 2 2 2 2 0 1
0
S2 2 2 2 2 0 0 2 2 2 2 2 2
0
S2 2 2 2 2 0 2 0 2 3 1 1 3
0
S2 2 2 2 2 0 2 2 0 2 2 0 0
0
S2 2 2 2 2 1 1 1 2 2 2 2 2
0
S2 2 2 2 2 1 1 2 0 2 2 2 3
0
S2 2 2 2 2 2 1 2 2 2 2 1 2
0
S2 2 2 2 2 2 2 0 0 2 2 2 2
0
S2 2 2 2 2 2 2 2 0 0 0 2 2
0
S2 2 2 2 2 2 2 2 0 2 2 2 2
0 2
S2 2 2 2 2 2 2 2 1 2 1 2 2
0
S2 2 2 2 2 2 2 2 1 2 2 2 2
0
S2 2 2 2 2 2 2 2 2 0 0 1 2
0
S2 2 2 2 2 2 2 2 2 0 2 0 0
0
S2 2 2 2 2 2 2 2 2 0 2 2 2
0
S2 2 2 2 2 2 2 2 2 1 1 1 1
0
S2 2 2 2 2 2 2 2 2 1 1 2 2
0
S2 2 2 2 2 2 2 2 2 2 0 0 3
0
S2 2 2 2 2 2 2 2 2 2 0 2 2
0 2
S2 2 2 2 2 2 2 2 2 2 1 2 1
0
S2 2 2 2 2 2 2 2 2 2 2 0 2
0
S2 2 2 2 2 2 2 2 2 2 2 1 3
0
S2 2 2 2 2 2 2 2 2 2 2 2 0
0 3
S2 2 2 2 2 2 2 2 2 2 2 2 1
0 8
S2 2 2 2 2 2 2 2 2 2 2 2 2
0 66
S2 2 2 2 2 2 2 2 2 2 2 2 3
0 3
S2 2 2 2 2 2 2 2 2 2 2 3 2
0 3
S2 2 2 2 2 2 2 2 2 3 1 1 3
0
S2 2 2 2 2 2 2 2 3 2 3 2 0
0
S2 2 2 2 2 2 3 3 2 2 2 2 3
0
S2 2 2 2 2 3 1 2 2 2 2 2 1
0
S2 2 2 2 2 3 3 3 3 2 2 3 3
0
S2 2 2 3 3 2 2 2 2 2 2 0 2
0
S2 2 3 3 0 2 2 2 0 3 3 2 2
0
S2 2 3 3 3 3 3 3 2 3 3 3 3
0
S2 3 2 2 2 2 2 2 2 0 0 0 3
0
S3 0 0 0 0 1 1 1 1 3 3 3 1
0
S3 0 0 0 0 3 3 1 3 3 3 3 1
0
S3 1 1 1 1 1 1 1 1 1 1 1 3
0
S3 1 1 1 1 3 3 1 3 1 1 1 1
0
S3 1 1 3 3 1 1 1 1 1 1 1 1
0
S3 1 1 3 3 1 1 1 1 1 1 1 2
0
S3 1 2 2 2 3 1 1 3 3 2 3 0
0
S3 1 3 1 1 1 1 1 1 3 1 1 1
0
S3 1 3 3 3 3 1 2 3 1 3 1 1
0
S3 1 3 3 3 3 3 2 3 3 3 1 1
0
S3 1 3 3 3 3 3 3 3 3 3 3 1
0
S3 2 0 3 3 2 2 2 3 2 3 2 0
0
S3 3 1 3 3 3 3 1 3 3 3 3 3
0
S3 3 1 3 3 3 3 3 3 3 1 3 3
0
S3 3 1 3 3 3 3 3 3 3 3 3 1
0
S3 3 2 0 0 2 2 2 3 0 0 0 0
0
S3 3 3 1 1 1 1 3 1 1 1 1 1
0
S3 3 3 1 1 3 3 1 3 1 3 1 1
0
S3 3 3 1 1 3 3 1 3 3 3 3 3
0
S3 3 3 1 1 3 3 3 2 3 3 3 3
0
S3 3 3 1 3 3 3 3 3 3 3 3 3
0
S3 3 3 3 0 3 3 1 3 1 1 0 3
0
S3 3 3 3 3 1 1 1 1 3 3 3 3
0
S3 3 3 3 3 2 2 0 2 0 0 0 2
0
S3 3 3 3 3 3 0 3 3 3 3 3 3
0
S3 3 3 3 3 3 1 1 3 1 1 1 3
0
S3 3 3 3 3 3 1 3 3 0 0 1 0
0
S3 3 3 3 3 3 3 1 1 3 1 1 3
0
S3 3 3 3 3 3 3 1 3 1 1 1 1
0
S3 3 3 3 3 3 3 1 3 3 3 3 3
0 2
S3 3 3 3 3 3 3 3 1 3 3 3 3
0
S3 3 3 3 3 3 3 3 2 3 3 3 3
0
S3 3 3 3 3 3 3 3 3 0 0 3 0
0
S3 3 3 3 3 3 3 3 3 0 0 3 3
0
S3 3 3 3 3 3 3 3 3 1 1 1 2
0
S3 3 3 3 3 3 3 3 3 1 1 1 3
0
S3 3 3 3 3 3 3 3 3 1 1 3 2
0
S3 3 3 3 3 3 3 3 3 1 3 3 3
0
S3 3 3 3 3 3 3 3 3 2 2 2 3
0
S3 3 3 3 3 3 3 3 3 3 1 3 3
0
S3 3 3 3 3 3 3 3 3 3 3 1 3
0
S3 3 3 3 3 3 3 3 3 3 3 2 3
0
S3 3 3 3 3 3 3 3 3 3 3 3 0
0
S3 3 3 3 3 3 3 3 3 3 3 3 1
0 2
S3 3 3 3 3 3 3 3 3 3 3 3 2
0
S3 3 3 3 3 3 3 3 3 3 3 3 3
0 56
